5.100000 3.500000 1.400000 0.200000 1
7.000000 3.200000 4.700000 1.400000 2
6.300000 3.300000 6.000000 2.500000 3
4.900000 3.000000 1.400000 0.200000 4
6.400000 3.200000 4.500000 1.500000 5
5.800000 2.700000 5.100000 1.900000 5
4.700000 3.200000 1.300000 0.200000 4
6.900000 3.100000 4.900000 1.500000 2
7.100000 3.000000 5.900000 2.100000 3
4.600000 3.100000 1.500000 0.200000 4
5.500000 2.300000 4.000000 1.300000 5
6.300000 2.900000 5.600000 1.800000 3
5.000000 3.600000 1.400000 0.200000 1
6.500000 2.800000 4.600000 1.500000 5
6.500000 3.000000 5.800000 2.200000 3
5.400000 3.900000 1.700000 0.400000 1
5.700000 2.800000 4.500000 1.300000 5
7.600000 3.000000 6.600000 2.100000 3
4.600000 3.400000 1.400000 0.300000 4
6.300000 3.300000 4.700000 1.600000 5
7.100000 2.800000 3.900000 1.100000 2
6.600000 5.500000 9.900000 7.700000 3
